// ~->[DNET-1]->~
// Network : cammlNet
// File created by CaMML2, Version : 1.0

bnet Reconstructed_Learned_Network {
autoupdate = TRUE;
node HISTORY {
	kind = NATURE;
	discrete = TRUE;
	numstates = 2;
	states = (TRUE, FALSE);
	parents = ( LVFAILURE );
	probs = 
		((0.9053537284894837, 0.09464627151051624),
		(0.010918873298871194, 0.9890811267011288));
	};
node CVP {
	kind = NATURE;
	discrete = TRUE;
	numstates = 3;
	states = (LOW, NORMAL, HIGH);
	parents = ( LVEDVOLUME );
	probs = 
		((0.9449035812672176, 0.04352617079889806, 0.011570247933884295),
		(0.03547017771062666, 0.9546729980574142, 0.009856824231959138),
		(0.008149010477299183, 0.2819557625145518, 0.709895227008149));
	};
node PCWP {
	kind = NATURE;
	discrete = TRUE;
	numstates = 3;
	states = (LOW, NORMAL, HIGH);
	parents = ( LVEDVOLUME );
	probs = 
		((0.9460055096418732, 0.04132231404958677, 0.012672176308539947),
		(0.04007482552701633, 0.949636664508238, 0.010288509964745663),
		(0.0067520372526193246, 0.034691501746216526, 0.9585564610011641));
	};
node HYPOVOLEMIA {
	kind = NATURE;
	discrete = TRUE;
	numstates = 2;
	states = (TRUE, FALSE);
	parents = ( LVEDVOLUME, LVFAILURE );
	probs = 
		(((0.1938976377952756, 0.8061023622047244),
		(0.04125000000000001, 0.95875)),
		((0.7916666666666666, 0.20833333333333334),
		(0.027889881810319973, 0.9721101181896801)),
		((0.3, 0.7),
		(0.8159122725151656, 0.18408772748483435)));
	};
node LVEDVOLUME {
	kind = NATURE;
	discrete = TRUE;
	numstates = 3;
	states = (LOW, NORMAL, HIGH);
	parents = ( LVFAILURE );
	probs = 
		((0.9694364851957975, 0.02196752626552053, 0.008595988538681945),
		(0.04214357297325808, 0.7318423967508835, 0.22601403027585842));
	};
node LVFAILURE {
	kind = NATURE;
	discrete = TRUE;
	numstates = 2;
	states = (TRUE, FALSE);
	parents = (  );
	probs = 
		(0.05224477552244775, 0.9477552244775522);
	};
node STROKEVOLUME {
	kind = NATURE;
	discrete = TRUE;
	numstates = 3;
	states = (LOW, NORMAL, HIGH);
	parents = ( HYPOVOLEMIA, LVFAILURE );
	probs = 
		(((0.9634703196347032, 0.013698630136986304, 0.0228310502283105),
		(0.4934899157518509, 0.49451110543783505, 0.011998978810314014)),
		((0.9422382671480144, 0.04693140794223827, 0.010830324909747295),
		(0.04845463609172481, 0.9004320372216683, 0.05111332668660685)));
	};
node ERRLOWOUTPUT {
	kind = NATURE;
	discrete = TRUE;
	numstates = 2;
	states = (TRUE, FALSE);
	parents = (  );
	probs = 
		(0.049145085491450864, 0.9508549145085492);
	};
node HRBP {
	kind = NATURE;
	discrete = TRUE;
	numstates = 3;
	states = (LOW, NORMAL, HIGH);
	parents = ( ERRLOWOUTPUT, HR );
	probs = 
		(((0.9047619047619048, 0.047619047619047616, 0.047619047619047616),
		(0.329608938547486, 0.329608938547486, 0.3407821229050279),
		(0.0037926675094816687, 0.9848293299620733, 0.011378002528445008)),
		((0.39737991266375544, 0.5720524017467249, 0.030567685589519646),
		(0.9878530215608867, 0.004555116914667478, 0.007591861524445795),
		(0.008190906159303447, 0.009480812641083525, 0.982328281199613)));
	};
node HREKG {
	kind = NATURE;
	discrete = TRUE;
	numstates = 3;
	states = (LOW, NORMAL, HIGH);
	parents = ( ERRCAUTER, HR );
	probs = 
		(((0.3333333333333333, 0.42857142857142855, 0.23809523809523808),
		(0.35015772870662454, 0.2618296529968454, 0.38801261829652994),
		(0.013752455795677805, 0.971185330713818, 0.015062213490504255)),
		((0.2838427947598253, 0.388646288209607, 0.32751091703056767),
		(0.979080824088748, 0.011093502377179078, 0.009825673534072904),
		(0.008328255128986387, 0.012255399823955586, 0.979416345047058)));
	};
node ERRCAUTER {
	kind = NATURE;
	discrete = TRUE;
	numstates = 2;
	states = (TRUE, FALSE);
	parents = (  );
	probs = 
		(0.09284071592840715, 0.9071592840715929);
	};
node HRSAT {
	kind = NATURE;
	discrete = TRUE;
	numstates = 3;
	states = (LOW, NORMAL, HIGH);
	parents = ( ERRCAUTER, HR );
	probs = 
		(((0.23809523809523808, 0.23809523809523808, 0.5238095238095238),
		(0.3249211356466877, 0.3753943217665615, 0.2996845425867508),
		(0.013752455795677805, 0.9738048461034708, 0.01244269810085134)),
		((0.4672489082969432, 0.2663755458515284, 0.2663755458515284),
		(0.9771790808240888, 0.008557844690966722, 0.014263074484944535),
		(0.009276186607082404, 0.011172049563274424, 0.9795517638296432)));
	};
node INSUFFANESTH {
	kind = NATURE;
	discrete = TRUE;
	numstates = 2;
	states = (TRUE, FALSE);
	parents = (  );
	probs = 
		(0.10093990600939905, 0.8990600939906009);
	};
node ANAPHYLAXIS {
	kind = NATURE;
	discrete = TRUE;
	numstates = 2;
	states = (TRUE, FALSE);
	parents = (  );
	probs = 
		(0.007949205079492051, 0.992050794920508);
	};
node TPR {
	kind = NATURE;
	discrete = TRUE;
	numstates = 3;
	states = (LOW, NORMAL, HIGH);
	parents = ( ANAPHYLAXIS );
	probs = 
		((0.9751552795031055, 0.006211180124223602, 0.01863354037267081),
		(0.29221466364323506, 0.4122448979591837, 0.29554043839758126));
	};
node EXPCO2 {
	kind = NATURE;
	discrete = TRUE;
	numstates = 4;
	states = (ZERO, LOW, NORMAL, HIGH);
	parents = ( VENTLUNG, ARTCO2 );
	probs = 
		(((0.976027397260274, 0.003424657534246575, 0.010273972602739729, 0.010273972602739729),
		(0.01219512195121951, 0.9769647696476965, 0.004065040650406505, 0.006775067750677508),
		(0.009394721744119337, 0.9706683878370626, 0.011259323006310962, 0.008677567412507171)),
		((0.015476942514213521, 0.9548325963360708, 0.015476942514213521, 0.014213518635502206),
		(0.9652406417112299, 0.0026737967914438497, 0.008021390374331552, 0.024064171122994648),
		(0.01203208556149733, 0.01203208556149733, 0.9692513368983957, 0.006684491978609624)),
		((0.02, 0.02, 0.94, 0.02),
		(0.03246753246753246, 0.01948051948051948, 0.9415584415584416, 0.006493506493506491),
		(0.8928571428571429, 0.03571428571428572, 0.03571428571428572, 0.03571428571428572)),
		((0.04545454545454546, 0.04545454545454546, 0.13636363636363635, 0.7727272727272727),
		(0.041666666666666664, 0.041666666666666664, 0.041666666666666664, 0.875),
		(0.01377952755905512, 0.021653543307086614, 0.005905511811023624, 0.9586614173228346)));
	};
node KINKEDTUBE {
	kind = NATURE;
	discrete = TRUE;
	numstates = 2;
	states = (TRUE, FALSE);
	parents = (  );
	probs = 
		(0.03984601539846016, 0.9601539846015399);
	};
node MINVOL {
	kind = NATURE;
	discrete = TRUE;
	numstates = 4;
	states = (ZERO, LOW, NORMAL, HIGH);
	parents = ( INTUBATION, VENTLUNG );
	probs = 
		(((0.9685823213781418, 0.010943236373905674, 0.009531205874046877, 0.010943236373905674),
		(0.009233351986569669, 0.007554560716284278, 0.015948517067711256, 0.9672635702294348),
		(0.5489130434782609, 0.41847826086956524, 0.016304347826086956, 0.016304347826086956),
		(0.00209205020920502, 0.9644351464435147, 0.027196652719665274, 0.006276150627615062)),
		((0.020467836257309944, 0.9269005847953217, 0.014619883040935666, 0.038011695906432746),
		(0.9444444444444444, 0.005050505050505051, 0.025252525252525256, 0.025252525252525256),
		(0.39473684210526316, 0.5526315789473685, 0.026315789473684213, 0.026315789473684213),
		(0.08333333333333333, 0.08333333333333333, 0.75, 0.08333333333333333)),
		((0.014957264957264954, 0.02777777777777778, 0.938034188034188, 0.019230769230769235),
		(0.5717054263565892, 0.42054263565891475, 0.001937984496124031, 0.005813953488372095),
		(0.7, 0.10000000000000002, 0.10000000000000002, 0.10000000000000002),
		(0.04687499999999999, 0.015625000000000007, 0.04687499999999999, 0.890625)));
	};
node FIO2 {
	kind = NATURE;
	discrete = TRUE;
	numstates = 2;
	states = (LOW, NORMAL);
	parents = ( PVSAT, ARTCO2 );
	probs = 
		(((0.052380952380952375, 0.9476190476190476),
		(0.03391684901531729, 0.9660831509846827),
		(0.05302120848339335, 0.9469787915166067)),
		((0.8166666666666667, 0.18333333333333332),
		(0.15517241379310345, 0.8448275862068966),
		(0.025510204081632657, 0.9744897959183674)),
		((0.002236421725239617, 0.9977635782747604),
		(0.02272727272727273, 0.9772727272727273),
		(0.03571428571428572, 0.9642857142857143)));
	};
node PVSAT {
	kind = NATURE;
	discrete = TRUE;
	numstates = 3;
	states = (LOW, NORMAL, HIGH);
	parents = ( VENTALV );
	probs = 
		((0.9912826009289032, 0.008645944980350123, 7.14540907466952E-5),
		(0.9438127090301003, 0.0488294314381271, 0.007357859531772572),
		(0.930151338766007, 0.052386495925494755, 0.017462165308498253),
		(0.00900900900900901, 0.05268905268905268, 0.9383019383019383));
	};
node SAO2 {
	kind = NATURE;
	discrete = TRUE;
	numstates = 3;
	states = (LOW, NORMAL, HIGH);
	parents = ( PVSAT, SHUNT );
	probs = 
		(((0.9809483785108917, 0.009175597114239686, 0.009876024374868666),
		(0.9750135795763172, 0.008147745790331343, 0.016838674633351435)),
		((0.008310249307479223, 0.9889196675900277, 0.002770083102493076),
		(0.9726027397260274, 0.013698630136986304, 0.013698630136986304)),
		((0.00836690424542919, 0.010226216299969013, 0.9814068794546018),
		(0.6820083682008368, 0.28870292887029286, 0.029288702928870286)));
	};
node PAP {
	kind = NATURE;
	discrete = TRUE;
	numstates = 3;
	states = (LOW, NORMAL, HIGH);
	parents = ( PULMEMBOLUS );
	probs = 
		((0.02702702702702703, 0.1891891891891892, 0.7837837837837838),
		(0.04898844659704355, 0.9043438777054639, 0.04666767569749256));
	};
node PULMEMBOLUS {
	kind = NATURE;
	discrete = TRUE;
	numstates = 2;
	states = (TRUE, FALSE);
	parents = (  );
	probs = 
		(0.009149085091490854, 0.9908509149085092);
	};
node SHUNT {
	kind = NATURE;
	discrete = TRUE;
	numstates = 2;
	states = (NORMAL, HIGH);
	parents = ( PULMEMBOLUS, INTUBATION );
	probs = 
		(((0.09259259259259259, 0.9074074074074074),
		(0.16666666666666669, 0.8333333333333334),
		(0.05000000000000001, 0.95)),
		((0.9474925929990125, 0.052507407000987605),
		(0.9283216783216783, 0.07167832167832167),
		(0.043859649122807015, 0.956140350877193)));
	};
node INTUBATION {
	kind = NATURE;
	discrete = TRUE;
	numstates = 3;
	states = (NORMAL, ESOPHAGEAL, ONESIDED);
	parents = ( VENTLUNG, VENTALV );
	probs = 
		(((0.9992725685604131, 3.637157197934096E-4, 3.637157197934096E-4),
		(0.31392931392931395, 0.6673596673596673, 0.018711018711018716),
		(0.2405891980360065, 0.021276595744680854, 0.7381342062193126),
		(0.9555555555555556, 0.022222222222222227, 0.022222222222222227)),
		((0.15418502202643172, 0.8325991189427313, 0.013215859030837005),
		(0.05222437137330755, 0.009671179883945842, 0.9381044487427466),
		(0.7090909090909091, 0.05454545454545455, 0.23636363636363636),
		(0.995414158784752, 2.86615075952995E-4, 0.004299226139294928)),
		((0.3333333333333333, 0.2, 0.4666666666666667),
		(0.6, 0.2, 0.2),
		(0.9887005649717514, 0.0056497175141242955, 0.0056497175141242955),
		(0.028571428571428577, 0.9428571428571428, 0.028571428571428577)),
		((0.8666666666666667, 0.06666666666666667, 0.06666666666666667),
		(0.8802395209580839, 0.017964071856287425, 0.10179640718562877),
		(0.52, 0.04000000000000001, 0.44),
		(0.8461538461538461, 0.07692307692307693, 0.07692307692307693)));
	};
node PRESS {
	kind = NATURE;
	discrete = TRUE;
	numstates = 4;
	states = (ZERO, LOW, NORMAL, HIGH);
	parents = ( KINKEDTUBE, INTUBATION, VENTTUBE );
	probs = 
		((((0.96875, 0.006250000000000002, 0.006250000000000002, 0.018749999999999996),
		(0.056640625000000014, 0.291015625, 0.255859375, 0.396484375),
		(0.6428571428571429, 0.21428571428571425, 0.07142857142857141, 0.07142857142857141),
		(0.2407407407407407, 0.6111111111111112, 0.09259259259259259, 0.05555555555555554)),
		((0.16666666666666669, 0.16666666666666669, 0.16666666666666669, 0.5),
		(0.03846153846153846, 0.2692307692307693, 0.4230769230769231, 0.2692307692307693),
		(0.25, 0.25, 0.25, 0.25),
		(0.25, 0.25, 0.25, 0.25)),
		((0.07142857142857141, 0.07142857142857141, 0.07142857142857141, 0.7857142857142857),
		(0.9210526315789473, 0.026315789473684213, 0.026315789473684213, 0.026315789473684213),
		(0.12500000000000003, 0.12500000000000003, 0.625, 0.12500000000000003),
		(0.25, 0.25, 0.25, 0.25))),
		(((0.007876496534341524, 0.010396975425330813, 0.0072463768115942, 0.9744801512287334),
		(0.009180576631259483, 0.2852048558421851, 0.2996206373292868, 0.4059939301972686),
		(0.01700680272108844, 0.030612244897959183, 0.023809523809523808, 0.9285714285714286),
		(0.010700389105058362, 0.892023346303502, 0.08268482490272372, 0.014591439688715954)),
		((0.9313725490196079, 0.009803921568627454, 0.04901960784313726, 0.009803921568627454),
		(0.007177033492822968, 0.01196172248803828, 0.07894736842105263, 0.9019138755980861),
		(0.5, 0.16666666666666669, 0.16666666666666669, 0.16666666666666669),
		(0.025, 0.025, 0.275, 0.675)),
		((0.16666666666666669, 0.7222222222222222, 0.05555555555555554, 0.05555555555555554),
		(0.0038759689922480624, 0.01679586563307494, 0.00904392764857881, 0.9702842377260982),
		(0.3181818181818182, 0.5909090909090909, 0.04545454545454546, 0.04545454545454546),
		(0.0576923076923077, 0.019230769230769235, 0.019230769230769235, 0.9038461538461539))));
	};
node DISCONNECT {
	kind = NATURE;
	discrete = TRUE;
	numstates = 2;
	states = (TRUE, FALSE);
	parents = ( VENTMACH, VENTTUBE );
	probs = 
		(((0.09408033826638479, 0.9059196617336153),
		(0.16666666666666669, 0.8333333333333334),
		(0.10000000000000002, 0.9),
		(0.0625, 0.9375)),
		((0.12197580645161293, 0.8780241935483871),
		(0.07142857142857141, 0.9285714285714286),
		(0.12500000000000003, 0.875),
		(0.05000000000000001, 0.95)),
		((0.9215328467153284, 0.07846715328467153),
		(0.001006846556584777, 0.9989931534434152),
		(0.10714285714285714, 0.8928571428571429),
		(0.1118421052631579, 0.8881578947368421)),
		((0.15, 0.85),
		(0.21428571428571425, 0.7857142857142857),
		(0.8898305084745762, 0.11016949152542374),
		(0.001022494887525563, 0.9989775051124744)));
	};
node MINVOLSET {
	kind = NATURE;
	discrete = TRUE;
	numstates = 3;
	states = (LOW, NORMAL, HIGH);
	parents = ( VENTMACH );
	probs = 
		((0.052415210688591986, 0.9116135662898253, 0.03597122302158273),
		(0.8250728862973761, 0.16812439261418854, 0.006802721088435376),
		(4.145691442108381E-4, 0.9986970684039088, 8.883624518803669E-4),
		(0.0044444444444444444, 0.15022222222222223, 0.8453333333333334));
	};
node VENTMACH {
	kind = NATURE;
	discrete = TRUE;
	numstates = 4;
	states = (ZERO, LOW, NORMAL, HIGH);
	parents = ( VENTTUBE );
	probs = 
		((0.26264591439688717, 0.2754307948860478, 0.4566425792106726, 0.005280711506392441),
		(3.349410503751342E-4, 8.708467309753483E-4, 0.9979233654876741, 8.708467309753483E-4),
		(0.02743902439024391, 0.02134146341463415, 0.5945121951219512, 0.3567073170731707),
		(0.01290877796901893, 0.016351118760757316, 0.1299483648881239, 0.8407917383820999));
	};
node VENTTUBE {
	kind = NATURE;
	discrete = TRUE;
	numstates = 4;
	states = (ZERO, LOW, NORMAL, HIGH);
	parents = ( KINKEDTUBE, INTUBATION, VENTLUNG );
	probs = 
		((((0.22017045454545453, 0.6974431818181818, 0.015625000000000007, 0.06676136363636365),
		(0.21428571428571425, 0.6428571428571429, 0.07142857142857141, 0.07142857142857141),
		(0.08333333333333333, 0.5833333333333334, 0.08333333333333333, 0.25),
		(0.10000000000000002, 0.5, 0.10000000000000002, 0.3)),
		((0.10714285714285714, 0.8214285714285714, 0.03571428571428572, 0.03571428571428572),
		(0.25, 0.25, 0.25, 0.25),
		(0.25, 0.25, 0.25, 0.25),
		(0.25, 0.25, 0.25, 0.25)),
		((0.16666666666666669, 0.7857142857142857, 0.023809523809523808, 0.023809523809523808),
		(0.625, 0.12500000000000003, 0.12500000000000003, 0.12500000000000003),
		(0.12500000000000003, 0.12500000000000003, 0.625, 0.12500000000000003),
		(0.16666666666666669, 0.5, 0.16666666666666669, 0.16666666666666669))),
		(((0.07182115270350566, 0.9272875816993464, 2.2281639928698735E-4, 6.684491978609622E-4),
		(0.6012906846240179, 0.11868686868686866, 8.417508417508415E-4, 0.2791806958473625),
		(0.2443181818181818, 0.6761363636363636, 0.017045454545454544, 0.0625),
		(0.04449152542372881, 0.3241525423728813, 0.6038135593220338, 0.02754237288135593)),
		((0.2987421383647799, 0.6886792452830188, 0.009433962264150945, 0.003144654088050314),
		(0.025252525252525256, 0.9545454545454546, 0.005050505050505051, 0.015151515151515157),
		(0.026315789473684213, 0.026315789473684213, 0.026315789473684213, 0.9210526315789473),
		(0.08333333333333333, 0.75, 0.08333333333333333, 0.08333333333333333)),
		((0.3651162790697675, 0.5883720930232558, 0.04418604651162791, 0.0023255813953488376),
		(0.001953125, 0.990234375, 0.001953125, 0.005859375000000003),
		(0.16666666666666669, 0.5, 0.16666666666666669, 0.16666666666666669),
		(0.04838709677419353, 0.1774193548387097, 0.016129032258064516, 0.7580645161290323))));
	};
node VENTLUNG {
	kind = NATURE;
	discrete = TRUE;
	numstates = 4;
	states = (ZERO, LOW, NORMAL, HIGH);
	parents = ( KINKEDTUBE );
	probs = 
		((0.95375, 0.018749999999999996, 0.016249999999999997, 0.01125),
		(0.7393273635985006, 0.2219387755102041, 0.01088088296543107, 0.02785297792586423));
	};
node VENTALV {
	kind = NATURE;
	discrete = TRUE;
	numstates = 4;
	states = (ZERO, LOW, NORMAL, HIGH);
	parents = ( VENTLUNG );
	probs = 
		((0.9184150741681144, 0.03200587999465455, 0.04069223573433115, 0.008886810102899904),
		(0.052570093457943924, 0.12032710280373829, 0.012383177570093454, 0.8147196261682244),
		(0.05803571428571428, 0.013392857142857139, 0.78125, 0.14732142857142858),
		(0.023809523809523808, 0.9139194139194139, 0.04212454212454212, 0.020146520146520148));
	};
node ARTCO2 {
	kind = NATURE;
	discrete = TRUE;
	numstates = 3;
	states = (LOW, NORMAL, HIGH);
	parents = ( VENTALV );
	probs = 
		((0.009789210432297253, 0.01150410861021793, 0.9787066809574848),
		(0.008695652173913042, 0.007357859531772572, 0.9839464882943144),
		(0.052386495925494755, 0.9161816065192084, 0.03143189755529686),
		(0.9071799071799072, 0.0870870870870871, 0.0057330057330057345));
	};
node CATECHOL {
	kind = NATURE;
	discrete = TRUE;
	numstates = 2;
	states = (NORMAL, HIGH);
	parents = ( TPR, ARTCO2 );
	probs = 
		(((0.05120481927710843, 0.9487951807228916),
		(0.027918781725888325, 0.9720812182741116),
		(0.007658643326039384, 0.9923413566739606)),
		((0.052387267904509295, 0.9476127320954907),
		(0.04022988505747127, 0.9597701149425287),
		(0.010233918128654967, 0.9897660818713451)),
		((0.9301181102362205, 0.06988188976377951),
		(0.75, 0.25),
		(0.10618878005342831, 0.8938112199465716)));
	};
node HR {
	kind = NATURE;
	discrete = TRUE;
	numstates = 3;
	states = (LOW, NORMAL, HIGH);
	parents = ( CATECHOL );
	probs = 
		((0.03745510518214469, 0.9076449461262186, 0.054899948691636745),
		(0.009580771999778475, 0.09409093426372045, 0.896328293736501));
	};
node CO {
	kind = NATURE;
	discrete = TRUE;
	numstates = 3;
	states = (LOW, NORMAL, HIGH);
	parents = ( STROKEVOLUME, HR );
	probs = 
		(((0.9215686274509803, 0.0196078431372549, 0.0588235294117647),
		(0.9472817133443163, 0.04118616144975287, 0.011532125205930808),
		(0.7848817848817848, 0.20745920745920746, 0.007659007659007658)),
		((0.8756476683937824, 0.06735751295336788, 0.05699481865284974),
		(0.03929489533602644, 0.9507895703268454, 0.009915534337128171),
		(0.011177170035671823, 0.035116924296472445, 0.9537059056678557)),
		((0.5555555555555556, 0.3333333333333333, 0.11111111111111109),
		(0.006896551724137933, 0.3103448275862069, 0.6827586206896552),
		(0.010279001468428776, 0.02202643171806167, 0.9676945668135095)));
	};
node BP {
	kind = NATURE;
	discrete = TRUE;
	numstates = 3;
	states = (LOW, NORMAL, HIGH);
	parents = ( TPR, CO );
	probs = 
		(((0.9782823297137216, 0.01283316880552813, 0.008884501480750245),
		(0.9781818181818182, 0.013333333333333338, 0.008484848484848487),
		(0.8928484848484849, 0.0943030303030303, 0.012848484848484845)),
		((0.9806403574087863, 0.008190618019359643, 0.011169024571854062),
		(0.09873417721518989, 0.849789029535865, 0.051476793248945156),
		(0.041512100335629756, 0.19696166754990285, 0.7615262321144675)),
		((0.27635327635327633, 0.654320987654321, 0.06932573599240265),
		(0.04979965655409273, 0.3840870062965083, 0.5661133371493989),
		(0.013333333333333338, 0.0991869918699187, 0.8874796747967479)));
	};
};
