// ~->[DNET-1]->~
// Network : cammlNet
// File created by CaMML2, Version : 1.0

bnet Reconstructed_Learned_Network {
autoupdate = TRUE;
node CVP {
	kind = NATURE;
	discrete = TRUE;
	numstates = 3;
	states = (HIGH, LOW, NORMAL);
	parents = ( LVV );
	probs = 
		((0.7069783589862284, 0.012382826061798408, 0.2806388149519731),
		(0.0070761392584206065, 0.9479196150580244, 0.045004245683555044),
		(0.006718160589186276, 0.040129333572839945, 0.9531525058379737));
	};
node PCWP {
	kind = NATURE;
	discrete = TRUE;
	numstates = 3;
	states = (HIGH, LOW, NORMAL);
	parents = ( LVV );
	probs = 
		((0.949079967596343, 0.009836824441615556, 0.041083207962041436),
		(0.011604868383809794, 0.9535805264647609, 0.034814605151429374),
		(0.009161128076163106, 0.039698221663373445, 0.9511406502604635));
	};
node HIST {
	kind = NATURE;
	discrete = TRUE;
	numstates = 2;
	states = (FALSE, TRUE);
	parents = ( LVF );
	probs = 
		((0.9890852664247015, 0.010914733575298515),
		(0.10746720484359233, 0.8925327951564077));
	};
node TPR {
	kind = NATURE;
	discrete = TRUE;
	numstates = 3;
	states = (HIGH, LOW, NORMAL);
	parents = ( APL );
	probs = 
		((0.3012954872597793, 0.29983080380817695, 0.3988737089320437),
		(0.01228501228501228, 0.9803439803439803, 0.0073710073710073695));
	};
node BP {
	kind = NATURE;
	discrete = TRUE;
	numstates = 3;
	states = (HIGH, LOW, NORMAL);
	parents = ( TPR, CO );
	probs = 
		(((0.897117840204305, 0.012769062385990517, 0.0901130974097045),
		(0.09273743016759775, 0.2878957169459962, 0.6193668528864059),
		(0.5421206076415529, 0.049255792542580945, 0.4086235998158662)),
		((0.010901418356581882, 0.8980189895674598, 0.09107959207595825),
		(0.008461921353907413, 0.9880537580886013, 0.0034843205574912883),
		(0.007475560667050031, 0.9850488786659, 0.007475560667050031)),
		((0.7444351308559188, 0.04852379621868306, 0.20704107292539817),
		(0.01755754974639095, 0.9734685914943426, 0.008973858759266488),
		(0.052295409181636734, 0.10179640718562877, 0.8459081836327346)));
	};
node CO {
	kind = NATURE;
	discrete = TRUE;
	numstates = 3;
	states = (HIGH, LOW, NORMAL);
	parents = ( STKV, HR );
	probs = 
		(((0.9762510602205259, 0.012722646310432573, 0.011026293469041562),
		(0.05263157894736841, 0.2631578947368421, 0.6842105263157895),
		(0.6855345911949685, 0.010482180293501047, 0.3039832285115304)),
		((0.007973829482723372, 0.7984052341034553, 0.1936209364138213),
		(0.007633587786259545, 0.9847328244274809, 0.007633587786259545),
		(0.00889929742388759, 0.9569086651053864, 0.034192037470725994)),
		((0.9479685391166752, 0.00963373202401452, 0.042397728859310285),
		(0.007923930269413626, 0.9619651347068146, 0.0301109350237718),
		(0.010686350115676983, 0.03756747824170981, 0.9517461716426132)));
	};
node HRBP {
	kind = NATURE;
	discrete = TRUE;
	numstates = 3;
	states = (HIGH, LOW, NORMAL);
	parents = ( ERLO, HR );
	probs = 
		(((0.9789923990680265, 0.00989267025705664, 0.011114930674916928),
		(0.017402945113788492, 0.3708165997322624, 0.6117804551539491),
		(0.010562426649814929, 0.9806806897174325, 0.008756883632752554)),
		((0.003641660597232339, 0.01092498179169701, 0.9854333576110706),
		(0.03225806451612903, 0.9354838709677419, 0.03225806451612903),
		(0.2873563218390804, 0.2413793103448276, 0.47126436781609193)));
	};
node HREK {
	kind = NATURE;
	discrete = TRUE;
	numstates = 3;
	states = (HIGH, LOW, NORMAL);
	parents = ( HR, ERCA );
	probs = 
		(((0.9812104350631023, 0.007540018547639207, 0.011249546389258501),
		(0.0054486015256084265, 0.006901561932437342, 0.9876498365419543)),
		((0.29766803840877915, 0.3662551440329218, 0.3360768175582991),
		(0.3877551020408163, 0.3877551020408163, 0.22448979591836735)),
		((0.010949252594496806, 0.9792440255165191, 0.009806721888984096),
		(0.3609467455621302, 0.32713440405748095, 0.3119188503803888)));
	};
node HRSA {
	kind = NATURE;
	discrete = TRUE;
	numstates = 3;
	states = (HIGH, LOW, NORMAL);
	parents = ( HR, ERCA );
	probs = 
		(((0.9817749284303052, 0.009233498649248014, 0.008991572920446753),
		(0.010533962949509626, 0.010533962949509626, 0.9789320741009807)),
		((0.3388203017832647, 0.3415637860082305, 0.3196159122085048),
		(0.3877551020408163, 0.3877551020408163, 0.22448979591836735)),
		((0.012282205084261642, 0.9763876987527373, 0.011330096163001045),
		(0.3440405748098056, 0.3254437869822485, 0.3305156382079459)));
	};
node PAP {
	kind = NATURE;
	discrete = TRUE;
	numstates = 3;
	states = (HIGH, LOW, NORMAL);
	parents = ( PMB );
	probs = 
		((0.049933068976839336, 0.050943348571717215, 0.8991235824514434),
		(0.7917675544794189, 0.021791767554479414, 0.18644067796610173));
	};
node SAO2 {
	kind = NATURE;
	discrete = TRUE;
	numstates = 3;
	states = (HIGH, LOW, NORMAL);
	parents = ( SHNT, PVS );
	probs = 
		(((0.011235955056179777, 0.6539325842696629, 0.33483146067415737),
		(0.007577883805781646, 0.9814762840303115, 0.01094583216390682),
		(0.008264462809917354, 0.9669421487603306, 0.024793388429752067)),
		((0.9810212381382738, 0.010091881307425818, 0.008886880554300345),
		(0.010217337874372385, 0.978792879463502, 0.010989782662125627),
		(0.016905071521456438, 0.011703511053315997, 0.9713914174252276)));
	};
node FIO2 {
	kind = NATURE;
	discrete = TRUE;
	numstates = 2;
	states = (LOW, NORMAL);
	parents = (  );
	probs = 
		(0.05057247137643117, 0.9494275286235688);
	};
node PRSS {
	kind = NATURE;
	discrete = TRUE;
	numstates = 4;
	states = (HIGH, LOW, NORMAL, ZERO);
	parents = ( INT, KINK, VTUB );
	probs = 
		((((0.6029411764705882, 0.014705882352941173, 0.36764705882352944, 0.014705882352941173),
		(0.890625, 0.00841346153846154, 0.09254807692307694, 0.00841346153846154),
		(0.05555555555555554, 0.05555555555555554, 0.05555555555555554, 0.8333333333333334),
		(0.004032258064516128, 0.02016129032258064, 0.02016129032258064, 0.9556451612903226)),
		((0.08333333333333333, 0.5833333333333334, 0.08333333333333333, 0.25),
		(0.62, 0.06, 0.3, 0.02),
		(0.25, 0.25, 0.25, 0.25),
		(0.4166666666666667, 0.25, 0.25, 0.08333333333333333))),
		(((0.006316812439261416, 0.9052478134110787, 0.08017492711370264, 0.008260447035957241),
		(0.40726672805402087, 0.29147483118477596, 0.29040055248618785, 0.010857888275015343),
		(0.967687074829932, 0.01530612244897959, 0.011904761904761908, 0.0051020408163265285),
		(0.9744611750811928, 0.009300265721877766, 0.008119279598464719, 0.008119279598464719)),
		((0.03333333333333333, 0.5444444444444444, 0.05555555555555554, 0.3666666666666667),
		(0.43592436974789917, 0.2615546218487395, 0.2699579831932773, 0.032563025210084036),
		(0.10000000000000002, 0.03333333333333333, 0.03333333333333333, 0.8333333333333334),
		(0.011194029850746265, 0.018656716417910446, 0.018656716417910446, 0.9514925373134329))),
		(((0.9772727272727273, 0.007575757575757578, 0.007575757575757578, 0.007575757575757578),
		(0.9694602272727273, 0.007812500000000002, 0.013494318181818182, 0.009232954545454542),
		(0.08333333333333333, 0.6388888888888888, 0.02777777777777778, 0.25),
		(0.008152173913043478, 0.8342391304347826, 0.0407608695652174, 0.11684782608695653)),
		((0.16666666666666669, 0.16666666666666669, 0.16666666666666669, 0.5),
		(0.019230769230769235, 0.019230769230769235, 0.019230769230769235, 0.9423076923076923),
		(0.16666666666666669, 0.16666666666666669, 0.5, 0.16666666666666669),
		(0.85, 0.05000000000000001, 0.05000000000000001, 0.05000000000000001))));
	};
node ECO2 {
	kind = NATURE;
	discrete = TRUE;
	numstates = 4;
	states = (HIGH, LOW, NORMAL, ZERO);
	parents = ( ACO2, VLNG );
	probs = 
		(((0.75, 0.05000000000000001, 0.15, 0.05000000000000001),
		(0.010638297872340427, 0.010638297872340427, 0.9468085106382979, 0.031914893617021274),
		(0.25, 0.25, 0.25, 0.25),
		(0.003448275862068966, 0.9344827586206896, 0.031034482758620686, 0.031034482758620686)),
		((0.9641393442622951, 0.003073770491803278, 0.025614754098360663, 0.007172131147540981),
		(0.009363776295536171, 0.9688301693175988, 0.009107234479220114, 0.012698819907644944),
		(0.007936507936507936, 0.007936507936507936, 0.9603174603174603, 0.023809523809523808),
		(0.009201252936570082, 0.008809710258418164, 0.010924040720438531, 0.9710649960845732)),
		((0.9083333333333333, 0.025, 0.041666666666666664, 0.025),
		(0.006234413965087281, 0.01371571072319202, 0.006234413965087281, 0.9738154613466334),
		(0.00857142857142857, 0.01428571428571428, 0.9571428571428572, 0.02),
		(0.010432569974554707, 0.962086513994911, 0.01348600508905853, 0.013994910941475829)));
	};
node MINV {
	kind = NATURE;
	discrete = TRUE;
	numstates = 4;
	states = (HIGH, LOW, NORMAL, ZERO);
	parents = ( INT, VLNG );
	probs = 
		(((0.05000000000000001, 0.05000000000000001, 0.85, 0.05000000000000001),
		(0.01732673267326732, 0.0024752475247524744, 0.007425742574257425, 0.9727722772277227),
		(0.039473684210526314, 0.5657894736842105, 0.013157894736842106, 0.3815789473684211),
		(0.009615384615384618, 0.9766483516483516, 0.004120879120879123, 0.009615384615384618)),
		((0.01153039832285115, 0.9654088050314465, 0.009433962264150945, 0.013626834381551363),
		(0.9685114503816794, 0.009133042529989092, 0.011586695747001092, 0.010768811341330425),
		(0.01288659793814433, 0.45618556701030927, 0.007731958762886599, 0.5231958762886598),
		(0.009776039815143979, 0.009633842872378246, 0.010415926057589758, 0.970174191254888)),
		((0.9507042253521126, 0.00704225352112676, 0.021126760563380285, 0.021126760563380285),
		(0.011554621848739491, 0.3539915966386555, 0.0073529411764705855, 0.6271008403361344),
		(0.0625, 0.0625, 0.1875, 0.6875),
		(0.014412416851441243, 0.005543237250554322, 0.967849223946785, 0.01219512195121951)));
	};
node MVS {
	kind = NATURE;
	discrete = TRUE;
	numstates = 3;
	states = (HIGH, LOW, NORMAL);
	parents = ( VMCH );
	probs = 
		((0.8319759965709387, 0.00900128589798543, 0.15902271753107586),
		(0.004674883127921803, 0.8376540586485338, 0.1576710582235444),
		(7.492432643030541E-4, 3.296670362933438E-4, 0.9989210896994036),
		(0.04951505870342012, 0.042368555385400714, 0.9081163859111792));
	};
node HYP {
	kind = NATURE;
	discrete = TRUE;
	numstates = 2;
	states = (FALSE, TRUE);
	parents = (  );
	probs = 
		(0.7977351132443378, 0.20226488675566218);
	};
node LVF {
	kind = NATURE;
	discrete = TRUE;
	numstates = 2;
	states = (FALSE, TRUE);
	parents = (  );
	probs = 
		(0.9504774761261937, 0.04952252387380632);
	};
node APL {
	kind = NATURE;
	discrete = TRUE;
	numstates = 2;
	states = (FALSE, TRUE);
	parents = (  );
	probs = 
		(0.9898755062246888, 0.01012449377531123);
	};
node ANES {
	kind = NATURE;
	discrete = TRUE;
	numstates = 2;
	states = (FALSE, TRUE);
	parents = (  );
	probs = 
		(0.8953302334883256, 0.10466976651167442);
	};
node PMB {
	kind = NATURE;
	discrete = TRUE;
	numstates = 2;
	states = (FALSE, TRUE);
	parents = (  );
	probs = 
		(0.9897255137243138, 0.01027448627568622);
	};
node INT {
	kind = NATURE;
	discrete = TRUE;
	numstates = 3;
	states = (ESOPHAGEAL, NORMAL, ONESIDED);
	parents = (  );
	probs = 
		(0.030322725795565334, 0.9197560182986276, 0.04992125590580706);
	};
node KINK {
	kind = NATURE;
	discrete = TRUE;
	numstates = 2;
	states = (FALSE, TRUE);
	parents = (  );
	probs = 
		(0.9636268186590671, 0.03637318134093295);
	};
node DISC {
	kind = NATURE;
	discrete = TRUE;
	numstates = 2;
	states = (FALSE, TRUE);
	parents = ( VTUB, VMCH );
	probs = 
		(((0.9984848484848485, 0.0015151515151515154),
		(0.9444444444444444, 0.05555555555555554),
		(0.8945783132530121, 0.10542168674698797),
		(0.85, 0.15)),
		((0.9583333333333334, 0.041666666666666664),
		(0.875, 0.12500000000000003),
		(0.9990091567582342, 9.908432417657512E-4),
		(0.7307692307692307, 0.2692307692307693)),
		((0.07666666666666667, 0.9233333333333333),
		(0.75, 0.25),
		(0.9181818181818182, 0.0818181818181818),
		(0.7916666666666666, 0.20833333333333334)),
		((0.8529411764705882, 0.14705882352941177),
		(0.8936631944444444, 0.10633680555555555),
		(0.0886112725159791, 0.9113887274840209),
		(0.9044350580781415, 0.09556494192185852)));
	};
node LVV {
	kind = NATURE;
	discrete = TRUE;
	numstates = 3;
	states = (HIGH, LOW, NORMAL);
	parents = ( HYP, LVF );
	probs = 
		(((0.05195447798119742, 0.05076694705591291, 0.8972785749628897),
		(0.013116801998750777, 0.9750156152404748, 0.011867582760774516)),
		((0.9131111399299702, 0.008948255738555313, 0.07794060433147451),
		(0.012987012987012983, 0.948051948051948, 0.03896103896103896)));
	};
node STKV {
	kind = NATURE;
	discrete = TRUE;
	numstates = 3;
	states = (HIGH, LOW, NORMAL);
	parents = ( HYP, LVF );
	probs = 
		(((0.05261421738413327, 0.04977733795150916, 0.8976084446643576),
		(0.00811992504684572, 0.9512804497189257, 0.0405996252342286)),
		((0.007651407080793673, 0.48515108286862924, 0.5071975100505771),
		(0.007792207792207791, 0.9844155844155844, 0.007792207792207791)));
	};
node CCHL {
	kind = NATURE;
	discrete = TRUE;
	numstates = 2;
	states = (HIGH, NORMAL);
	parents = ( TPR, SAO2, ACO2 );
	probs = 
		((((0.6428571428571429, 0.3571428571428572),
		(0.05372340425531915, 0.9462765957446808),
		(0.015625000000000007, 0.984375)),
		((0.9528301886792453, 0.04716981132075471),
		(0.3012630014858841, 0.6987369985141159),
		(0.29736024844720504, 0.702639751552795)),
		((0.5, 0.5),
		(0.04941860465116278, 0.9505813953488372),
		(0.10000000000000002, 0.9))),
		(((0.9444444444444444, 0.05555555555555554),
		(0.9633879781420766, 0.0366120218579235),
		(0.9725274725274725, 0.02747252747252747)),
		((0.9905660377358491, 0.009433962264150945),
		(0.9881209503239741, 0.011879049676025918),
		(0.9906609195402298, 0.009339080459770116)),
		((0.75, 0.25),
		(0.9763157894736842, 0.02368421052631579),
		(0.9761904761904762, 0.023809523809523808))),
		(((0.9642857142857143, 0.03571428571428572),
		(0.950772986167616, 0.04922701383238406),
		(0.9730769230769231, 0.026923076923076918)),
		((0.9919354838709677, 0.008064516129032256),
		(0.9603618727849282, 0.03963812721507181),
		(0.9483159117305459, 0.05168408826945412)),
		((0.875, 0.12500000000000003),
		(0.9447115384615384, 0.055288461538461536),
		(0.8552631578947368, 0.1447368421052632))));
	};
node ERLO {
	kind = NATURE;
	discrete = TRUE;
	numstates = 2;
	states = (FALSE, TRUE);
	parents = (  );
	probs = 
		(0.9498775061246938, 0.05012249387530623);
	};
node HR {
	kind = NATURE;
	discrete = TRUE;
	numstates = 3;
	states = (HIGH, LOW, NORMAL);
	parents = ( CCHL );
	probs = 
		((0.8964138158981987, 0.009816559246405553, 0.09376962485539579),
		(0.043995487642293093, 0.04891805968618604, 0.9070864526715209));
	};
node ERCA {
	kind = NATURE;
	discrete = TRUE;
	numstates = 2;
	states = (FALSE, TRUE);
	parents = (  );
	probs = 
		(0.9005799710014499, 0.09942002899855008);
	};
node SHNT {
	kind = NATURE;
	discrete = TRUE;
	numstates = 2;
	states = (HIGH, NORMAL);
	parents = ( PMB, INT );
	probs = 
		(((0.05074875207986689, 0.9492512479201332),
		(0.04940136203866432, 0.9505986379613357),
		(0.9570273003033367, 0.042972699696663307)),
		((0.7857142857142857, 0.21428571428571425),
		(0.8973684210526316, 0.10263157894736845),
		(0.9545454545454546, 0.04545454545454546)));
	};
node PVS {
	kind = NATURE;
	discrete = TRUE;
	numstates = 3;
	states = (HIGH, LOW, NORMAL);
	parents = ( FIO2, VALV );
	probs = 
		(((0.05121293800539083, 0.013477088948787066, 0.9353099730458221),
		(0.029940119760479035, 0.9281437125748503, 0.04191616766467065),
		(0.012987012987012983, 0.974025974025974, 0.012987012987012983),
		(7.047216349541931E-4, 0.9985905567300916, 7.047216349541931E-4)),
		((0.9787501747518523, 0.012721934852509435, 0.008527890395638197),
		(0.01343437822941785, 0.946951429555632, 0.03961419221495004),
		(0.012032932235592146, 0.9366687777074097, 0.051298290056998104),
		(3.7943464238284946E-5, 0.9893758300132802, 0.010586226522481507)));
	};
node ACO2 {
	kind = NATURE;
	discrete = TRUE;
	numstates = 3;
	states = (HIGH, LOW, NORMAL);
	parents = ( VALV );
	probs = 
		((0.008908389841776356, 0.9058635819704827, 0.08522802818774097),
		(0.015324421258558854, 0.8845777632865993, 0.10009781545484187),
		(0.0018148820326678759, 0.07441016333938293, 0.9237749546279492),
		(0.010046451334125529, 0.8921896942854056, 0.09776385438046882));
	};
node VALV {
	kind = NATURE;
	discrete = TRUE;
	numstates = 4;
	states = (HIGH, LOW, NORMAL, ZERO);
	parents = ( INT, VLNG );
	probs = 
		(((0.05000000000000001, 0.75, 0.15, 0.05000000000000001),
		(0.022277227722772273, 0.0024752475247524744, 0.007425742574257425, 0.9678217821782178),
		(0.9078947368421053, 0.039473684210526314, 0.013157894736842106, 0.039473684210526314),
		(0.006868131868131869, 0.9793956043956044, 0.006868131868131869, 0.006868131868131869)),
		((0.013626834381551363, 0.9423480083857443, 0.005241090146750523, 0.038784067085953874),
		(0.9704198473282443, 0.011859323882224646, 0.009678298800436205, 0.008042529989094877),
		(0.01804123711340206, 0.007731958762886599, 0.9458762886597938, 0.028350515463917526),
		(0.010415926057589758, 0.01070031994312122, 0.010771418414504085, 0.9681123355847849)),
		((0.00704225352112676, 0.795774647887324, 0.1619718309859155, 0.035211267605633804),
		(0.0073529411764705855, 0.9779411764705882, 0.0073529411764705855, 0.0073529411764705855),
		(0.0625, 0.0625, 0.0625, 0.8125),
		(0.005543237250554322, 0.009977827050997786, 0.967849223946785, 0.016629711751662973)));
	};
node VLNG {
	kind = NATURE;
	discrete = TRUE;
	numstates = 4;
	states = (HIGH, LOW, NORMAL, ZERO);
	parents = ( INT, KINK, VTUB );
	probs = 
		((((0.014705882352941173, 0.04411764705882353, 0.9264705882352942, 0.014705882352941173),
		(0.013221153846153846, 0.4723557692307692, 0.00841346153846154, 0.5060096153846154),
		(0.05555555555555554, 0.05555555555555554, 0.16666666666666669, 0.7222222222222222),
		(0.02016129032258064, 0.0282258064516129, 0.012096774193548387, 0.9395161290322581)),
		((0.25, 0.08333333333333333, 0.08333333333333333, 0.5833333333333334),
		(0.02, 0.02, 0.02, 0.94),
		(0.25, 0.25, 0.25, 0.25),
		(0.08333333333333333, 0.08333333333333333, 0.08333333333333333, 0.75))),
		(((0.012147716229348886, 0.968415937803693, 0.012147716229348886, 0.0072886297376093265),
		(0.010397483118477591, 0.030041436464088404, 0.010013812154696131, 0.9495472682627378),
		(0.9642857142857143, 0.018707482993197275, 0.00850340136054422, 0.00850340136054422),
		(0.010481251845290817, 0.6700620017714792, 0.012843224092116915, 0.3066135222911131)),
		((0.011111111111111112, 0.011111111111111112, 0.011111111111111112, 0.9666666666666667),
		(0.015756302521008403, 0.011554621848739491, 0.009453781512605043, 0.9632352941176471),
		(0.03333333333333333, 0.03333333333333333, 0.03333333333333333, 0.9),
		(0.026119402985074622, 0.0037313432835820903, 0.011194029850746265, 0.9589552238805971))),
		(((0.9166666666666666, 0.05303030303030303, 0.007575757575757578, 0.02272727272727273),
		(0.01207386363636364, 0.6612215909090909, 0.006392045454545454, 0.3203125),
		(0.02777777777777778, 0.08333333333333333, 0.02777777777777778, 0.8611111111111112),
		(0.002717391304347825, 0.008152173913043478, 0.008152173913043478, 0.9809782608695652)),
		((0.16666666666666669, 0.16666666666666669, 0.16666666666666669, 0.5),
		(0.019230769230769235, 0.019230769230769235, 0.019230769230769235, 0.9423076923076923),
		(0.16666666666666669, 0.16666666666666669, 0.5, 0.16666666666666669),
		(0.15, 0.45, 0.05000000000000001, 0.3499999999999999))));
	};
node VTUB {
	kind = NATURE;
	discrete = TRUE;
	numstates = 4;
	states = (HIGH, LOW, NORMAL, ZERO);
	parents = (  );
	probs = 
		(0.05856914308569142, 0.7333016698330167, 0.016473352664733522, 0.19165583441655834);
	};
node VMCH {
	kind = NATURE;
	discrete = TRUE;
	numstates = 4;
	states = (HIGH, LOW, NORMAL, ZERO);
	parents = ( VTUB );
	probs = 
		((0.8435635123614663, 0.0072463768115942, 0.14109121909633418, 0.008098891730605287),
		(7.839661871974915E-4, 7.839661871974915E-4, 0.9975799304656078, 8.521371599972729E-4),
		(0.4516616314199396, 0.01661631419939577, 0.49697885196374625, 0.034743202416918424),
		(0.004302477183833118, 0.3002607561929596, 0.4486310299869622, 0.24680573663624514));
	};
};
